{"000000_rgb.png": [[1.0, 0.0, -0.0, 0.0], [0.0, 1.0, 0.0, 0.0], [0.0, 0.0, 1.0, 0.0], [0.0, 0.0, 0.0, 1.0]]}
{"000001_rgb.png": [[1.0, 0.0, -0.0, 0.0], [0.0, 1.0, 0.0, 0.0], [0.0, 0.0, 1.0, 65.0], [0.0, 0.0, 0.0, 1.0]]}
{"000002_rgb.png": [[1.0, 0.0, -0.0, 0.0], [0.0, 1.0, 0.0, 0.0], [0.0, 0.0, 1.0, 130.0], [0.0, 0.0, 0.0, 1.0]]}
{"000003_rgb.png": [[1.0, 0.0, -0.0, 0.0], [0.0, 1.0, 0.0, 0.0], [0.0, 0.0, 1.0, 170.0], [0.0, 0.0, 0.0, 1.0]]}
{"000004_rgb.png": [[1.0, 0.0, -0.0, 0.0], [0.0, 1.0, 0.0, 0.0], [0.0, 0.0, 1.0, 250.0], [0.0, 0.0, 0.0, 1.0]]}
{"000005_rgb.png": [[1.0, 0.0, -0.0, 0.0], [0.0, 1.0, 0.0, 0.0], [0.0, 0.0, 1.0, 300.0], [0.0, 0.0, 0.0, 1.0]]}
{"000006_rgb.png": [[1.0, 0.0, -0.0, 0.0], [0.0, 1.0, 0.0, 0.0], [0.0, 0.0, 1.0, 330.0], [0.0, 0.0, 0.0, 1.0]]}
{"000007_rgb.png": [[1.0, 0.0, -0.0, 0.0], [0.0, 1.0, 0.0, 0.0], [0.0, 0.0, 1.0, 370.0], [0.0, 0.0, 0.0, 1.0]]}
{"000008_rgb.png": [[1.0, 0.0, -0.0, 0.0], [0.0, 1.0, 0.0, 0.0], [0.0, 0.0, 1.0, 440.0], [0.0, 0.0, 0.0, 1.0]]}
{"000009_rgb.png": [[1.0, 0.0, -0.0, 0.0], [0.0, 1.0, 0.0, 0.0], [0.0, 0.0, 1.0, 550.0], [0.0, 0.0, 0.0, 1.0]]}
{"000010_rgb.png": [[-2.0510320647072623e-10, 0.0, -1.0, 0.0], [0.0, 1.0, 0.0, 0.0], [1.0, 0.0, -2.0510320647072623e-10, 550.0], [0.0, 0.0, 0.0, 1.0]]}
{"000011_rgb.png": [[-2.0510320647072623e-10, 0.0, 1.0, 0.0], [0.0, 1.0, 0.0, 0.0], [-1.0, 0.0, -2.0510320647072623e-10, 550.0], [0.0, 0.0, 0.0, 1.0]]}
{"000012_rgb.png": [[1.0, 0.0, -0.0, 0.0], [0.0, 1.0, 0.0, 0.0], [0.0, 0.0, 1.0, 640.0], [0.0, 0.0, 0.0, 1.0]]}
{"000013_rgb.png": [[1.0, 0.0, -0.0, 0.0], [0.0, 1.0, 0.0, 0.0], [0.0, 0.0, 1.0, 730.0], [0.0, 0.0, 0.0, 1.0]]}
{"000014_rgb.png": [[-0.30901699422860257, 0.0, -0.9510565163427039, 0.0], [0.0, 1.0, 0.0, 0.0], [0.9510565163427039, 0.0, -0.30901699422860257, 369.0], [0.0, 0.0, 0.0, 1.0]]}
{"000015_rgb.png": [[-0.30901699422860257, 0.0, -0.9510565163427039, -190.2113033], [0.0, 1.0, 0.0, 0.0], [0.9510565163427039, 0.0, -0.30901699422860257, 307.19660110000007], [0.0, 0.0, 0.0, 1.0]]}
{"000016_rgb.png": [[-0.30901699422860257, 0.0, -0.9510565163427039, -332.8697807], [0.0, 1.0, 0.0, 0.0], [0.9510565163427039, 0.0, -0.30901699422860257, 260.844052], [0.0, 0.0, 0.0, 1.0]]}
{"000017_rgb.png": [[-0.30901699422860257, 0.0, -0.9510565163427039, -370.91204139999996], [0.0, 1.0, 0.0, 0.0], [0.9510565163427039, 0.0, -0.30901699422860257, 248.48337220000002], [0.0, 0.0, 0.0, 1.0]]}
{"000018_rgb.png": [[-0.30901699422860257, 0.0, -0.9510565163427039, -532.5916491], [0.0, 1.0, 0.0, 0.0], [0.9510565163427039, 0.0, -0.30901699422860257, 195.9504832], [0.0, 0.0, 0.0, 1.0]]}
{"000019_rgb.png": [[-0.30901699422860257, 0.0, -0.9510565163427039, -580.1444749], [0.0, 1.0, 0.0, 0.0], [0.9510565163427039, 0.0, -0.30901699422860257, 180.4996334], [0.0, 0.0, 0.0, 1.0]]}
{"000020_rgb.png": [[-0.30901699422860257, 0.0, -0.9510565163427039, -684.7606917], [0.0, 1.0, 0.0, 0.0], [0.9510565163427039, 0.0, -0.30901699422860257, 146.50776409999997], [0.0, 0.0, 0.0, 1.0]]}
{"000021_rgb.png": [[-0.30901699422860257, 0.0, -0.9510565163427039, -779.8663433999999], [0.0, 1.0, 0.0, 0.0], [0.9510565163427039, 0.0, -0.30901699422860257, 115.6060646], [0.0, 0.0, 0.0, 1.0]]}
{"000022_rgb.png": [[-0.30901699422860257, 0.0, -0.9510565163427039, -817.908604], [0.0, 1.0, 0.0, 0.0], [0.9510565163427039, 0.0, -0.30901699422860257, 103.2453848], [0.0, 0.0, 0.0, 1.0]]}
{"000023_rgb.png": [[-0.30901699422860257, 0.0, -0.9510565163427039, -989.0987769], [0.0, 1.0, 0.0, 0.0], [0.9510565163427039, 0.0, -0.30901699422860257, 47.62232585], [0.0, 0.0, 0.0, 1.0]]}
{"000024_rgb.png": [[-0.30901699422860257, 0.0, -0.9510565163427039, -1008.119907], [0.0, 1.0, 0.0, 0.0], [0.9510565163427039, 0.0, -0.30901699422860257, 41.44198596], [0.0, 0.0, 0.0, 1.0]]}
{"000025_rgb.png": [[-0.30901699422860257, 0.0, -0.9510565163427039, -1055.672733], [0.0, 1.0, 0.0, 0.0], [0.9510565163427039, 0.0, -0.30901699422860257, 25.99113624], [0.0, 0.0, 0.0, 1.0]]}
{"000026_rgb.png": [[-0.30901699422860257, 0.0, -0.9510565163427039, -1160.28895], [0.0, 1.0, 0.0, 0.0], [0.9510565163427039, 0.0, -0.30901699422860257, -8.000733137000001], [0.0, 0.0, 0.0, 1.0]]}
{"000027_rgb.png": [[-0.30901699422860257, 0.0, -0.9510565163427039, -1302.947427], [0.0, 1.0, 0.0, 0.0], [0.9510565163427039, 0.0, -0.30901699422860257, -54.35328229], [0.0, 0.0, 0.0, 1.0]]}
{"000028_rgb.png": [[-0.30901699422860257, 0.0, -0.9510565163427039, -1398.0530789999998], [0.0, 1.0, 0.0, 0.0], [0.9510565163427039, 0.0, -0.30901699422860257, -85.25498173], [0.0, 0.0, 0.0, 1.0]]}
{"000029_rgb.png": [[-0.30901699422860257, 0.0, -0.9510565163427039, -1474.1376], [0.0, 1.0, 0.0, 0.0], [0.9510565163427039, 0.0, -0.30901699422860257, -109.97634129999999], [0.0, 0.0, 0.0, 1.0]]}
{"000030_rgb.png": [[-0.30901699422860257, 0.0, -0.9510565163427039, -1626.306643], [0.0, 1.0, 0.0, 0.0], [0.9510565163427039, 0.0, -0.30901699422860257, -159.4190604], [0.0, 0.0, 0.0, 1.0]]}
{"000031_rgb.png": [[-0.30901699422860257, 0.0, -0.9510565163427039, -1645.327773], [0.0, 1.0, 0.0, 0.0], [0.9510565163427039, 0.0, -0.30901699422860257, -165.5994003], [0.0, 0.0, 0.0, 1.0]]}
{"000032_rgb.png": [[-0.30901699422860257, 0.0, -0.9510565163427039, -1740.433425], [0.0, 1.0, 0.0, 0.0], [0.9510565163427039, 0.0, -0.30901699422860257, -196.5010997], [0.0, 0.0, 0.0, 1.0]]}
{"000033_rgb.png": [[-0.30901699422860257, 0.0, -0.9510565163427039, -1835.5390760000003], [0.0, 1.0, 0.0, 0.0], [0.9510565163427039, 0.0, -0.30901699422860257, -227.40279909999998], [0.0, 0.0, 0.0, 1.0]]}
{"000034_rgb.png": [[0.30901699461873244, 0.0, 0.951056516215943, -1835.5390760000003], [0.0, 1.0, 0.0, 0.0], [-0.951056516215943, 0.0, 0.30901699461873244, -227.40279909999998], [0.0, 0.0, 0.0, 1.0]]}
{"000035_rgb.png": [[0.30901699461873244, 0.0, 0.951056516215943, -1740.433425], [0.0, 1.0, 0.0, 0.0], [-0.951056516215943, 0.0, 0.30901699461873244, -196.5010997], [0.0, 0.0, 0.0, 1.0]]}
{"000036_rgb.png": [[0.30901699461873244, 0.0, 0.951056516215943, -1645.327773], [0.0, 1.0, 0.0, 0.0], [-0.951056516215943, 0.0, 0.30901699461873244, -165.5994003], [0.0, 0.0, 0.0, 1.0]]}
{"000037_rgb.png": [[0.30901699461873244, 0.0, 0.951056516215943, -1626.306643], [0.0, 1.0, 0.0, 0.0], [-0.951056516215943, 0.0, 0.30901699461873244, -159.4190604], [0.0, 0.0, 0.0, 1.0]]}
{"000038_rgb.png": [[0.30901699461873244, 0.0, 0.951056516215943, -1474.1376], [0.0, 1.0, 0.0, 0.0], [-0.951056516215943, 0.0, 0.30901699461873244, -109.97634129999999], [0.0, 0.0, 0.0, 1.0]]}
{"000039_rgb.png": [[0.30901699461873244, 0.0, 0.951056516215943, -1398.0530789999998], [0.0, 1.0, 0.0, 0.0], [-0.951056516215943, 0.0, 0.30901699461873244, -85.25498173], [0.0, 0.0, 0.0, 1.0]]}
{"000040_rgb.png": [[0.30901699461873244, 0.0, 0.951056516215943, -1302.947427], [0.0, 1.0, 0.0, 0.0], [-0.951056516215943, 0.0, 0.30901699461873244, -54.35328229], [0.0, 0.0, 0.0, 1.0]]}
{"000041_rgb.png": [[0.30901699461873244, 0.0, 0.951056516215943, -1160.28895], [0.0, 1.0, 0.0, 0.0], [-0.951056516215943, 0.0, 0.30901699461873244, -8.000733137000001], [0.0, 0.0, 0.0, 1.0]]}
{"000042_rgb.png": [[0.30901699461873244, 0.0, 0.951056516215943, -1055.672733], [0.0, 1.0, 0.0, 0.0], [-0.951056516215943, 0.0, 0.30901699461873244, 25.99113624], [0.0, 0.0, 0.0, 1.0]]}
{"000043_rgb.png": [[0.30901699461873244, 0.0, 0.951056516215943, -1008.119907], [0.0, 1.0, 0.0, 0.0], [-0.951056516215943, 0.0, 0.30901699461873244, 41.44198596], [0.0, 0.0, 0.0, 1.0]]}
{"000044_rgb.png": [[0.30901699461873244, 0.0, 0.951056516215943, -951.0565162999999], [0.0, 1.0, 0.0, 0.0], [-0.951056516215943, 0.0, 0.30901699461873244, 59.98300563], [0.0, 0.0, 0.0, 1.0]]}
{"000045_rgb.png": [[-0.30901699422860257, 0.0, -0.9510565163427039, -1930.6447280000002], [0.0, 1.0, 0.0, 0.0], [0.9510565163427039, 0.0, -0.30901699422860257, -258.3044986], [0.0, 0.0, 0.0, 1.0]]}
{"000046_rgb.png": [[-0.30901699422860257, 0.0, -0.9510565163427039, -2025.7503800000002], [0.0, 1.0, 0.0, 0.0], [0.9510565163427039, 0.0, -0.30901699422860257, -289.206198], [0.0, 0.0, 0.0, 1.0]]}
{"000047_rgb.png": [[-0.30901699422860257, 0.0, -0.9510565163427039, -2120.856031], [0.0, 1.0, 0.0, 0.0], [0.9510565163427039, 0.0, -0.30901699422860257, -320.10789750000004], [0.0, 0.0, 0.0, 1.0]]}
{"000048_rgb.png": [[-0.30901699422860257, 0.0, -0.9510565163427039, -2234.982813], [0.0, 1.0, 0.0, 0.0], [0.9510565163427039, 0.0, -0.30901699422860257, -357.1899368], [0.0, 0.0, 0.0, 1.0]]}
{"000049_rgb.png": [[-0.30901699422860257, 0.0, -0.9510565163427039, -2320.5779], [0.0, 1.0, 0.0, 0.0], [0.9510565163427039, 0.0, -0.30901699422860257, -385.0014663], [0.0, 0.0, 0.0, 1.0]]}
{"000050_rgb.png": [[-0.30901699422860257, 0.0, -0.9510565163427039, -2415.683551], [0.0, 1.0, 0.0, 0.0], [0.9510565163427039, 0.0, -0.30901699422860257, -415.9031657], [0.0, 0.0, 0.0, 1.0]]}
{"000051_rgb.png": [[-0.30901699422860257, 0.0, -0.9510565163427039, -2510.7892030000003], [0.0, 1.0, 0.0, 0.0], [0.9510565163427039, 0.0, -0.30901699422860257, -446.80486510000003], [0.0, 0.0, 0.0, 1.0]]}
{"000052_rgb.png": [[-0.30901699422860257, 0.0, -0.9510565163427039, -2605.894855], [0.0, 1.0, 0.0, 0.0], [0.9510565163427039, 0.0, -0.30901699422860257, -477.7065646000001], [0.0, 0.0, 0.0, 1.0]]}
{"000053_rgb.png": [[-0.30901699422860257, 0.0, -0.9510565163427039, -2681.9793760000002], [0.0, 1.0, 0.0, 0.0], [0.9510565163427039, 0.0, -0.30901699422860257, -502.42792410000004], [0.0, 0.0, 0.0, 1.0]]}
{"000054_rgb.png": [[0.9510565162824774, 0.0, -0.3090169944139604, -2681.9793760000002], [0.0, 1.0, 0.0, 0.0], [0.3090169944139604, 0.0, 0.9510565162824774, -502.42792410000004], [0.0, 0.0, 0.0, 1.0]]}
{"000055_rgb.png": [[0.30901699461873244, 0.0, 0.951056516215943, -2681.9793760000002], [0.0, 1.0, 0.0, 0.0], [-0.951056516215943, 0.0, 0.30901699461873244, -502.42792410000004], [0.0, 0.0, 0.0, 1.0]]}
{"000056_rgb.png": [[0.9510565162824774, 0.0, -0.3090169944139604, -2605.894855], [0.0, 1.0, 0.0, 0.0], [0.3090169944139604, 0.0, 0.9510565162824774, -477.7065646000001], [0.0, 0.0, 0.0, 1.0]]}
{"000057_rgb.png": [[0.30901699461873244, 0.0, 0.951056516215943, -2605.894855], [0.0, 1.0, 0.0, 0.0], [-0.951056516215943, 0.0, 0.30901699461873244, -477.7065646000001], [0.0, 0.0, 0.0, 1.0]]}
{"000058_rgb.png": [[0.30901699461873244, 0.0, 0.951056516215943, -2510.7892030000003], [0.0, 1.0, 0.0, 0.0], [-0.951056516215943, 0.0, 0.30901699461873244, -446.80486510000003], [0.0, 0.0, 0.0, 1.0]]}
{"000059_rgb.png": [[0.30901699461873244, 0.0, 0.951056516215943, -2415.683551], [0.0, 1.0, 0.0, 0.0], [-0.951056516215943, 0.0, 0.30901699461873244, -415.9031657], [0.0, 0.0, 0.0, 1.0]]}
{"000060_rgb.png": [[0.30901699461873244, 0.0, 0.951056516215943, -2320.5779], [0.0, 1.0, 0.0, 0.0], [-0.951056516215943, 0.0, 0.30901699461873244, -385.0014663], [0.0, 0.0, 0.0, 1.0]]}
{"000061_rgb.png": [[0.30901699461873244, 0.0, 0.951056516215943, -2234.982813], [0.0, 1.0, 0.0, 0.0], [-0.951056516215943, 0.0, 0.30901699461873244, -357.1899368], [0.0, 0.0, 0.0, 1.0]]}
{"000062_rgb.png": [[0.30901699461873244, 0.0, 0.951056516215943, -2120.856031], [0.0, 1.0, 0.0, 0.0], [-0.951056516215943, 0.0, 0.30901699461873244, -320.10789750000004], [0.0, 0.0, 0.0, 1.0]]}
{"000063_rgb.png": [[0.30901699461873244, 0.0, 0.951056516215943, -2025.7503800000002], [0.0, 1.0, 0.0, 0.0], [-0.951056516215943, 0.0, 0.30901699461873244, -289.206198], [0.0, 0.0, 0.0, 1.0]]}
{"000064_rgb.png": [[0.30901699461873244, 0.0, 0.951056516215943, -1930.6447280000002], [0.0, 1.0, 0.0, 0.0], [-0.951056516215943, 0.0, 0.30901699461873244, -258.3044986], [0.0, 0.0, 0.0, 1.0]]}
